latitude = 49.316590;
longitude = 6.749953;
elevation = 181;
